_Ga=q,f=32,s=1,v=1,i=31;AAAAAA==\[c[?2026$p[?2027$p[>4m[?1049h[?25l[?5W[?2004h[>4;2m[>1u[?u[H[2J
[6G[38;2;219;177;49m▄[38;2;242;146;46;48;2;246;145;46m▀[38;2;240;114;54;48;2;243;115;55m▀[38;2;240;88;59;49m▄[m
[5G[38;2;158;195;69;48;2;134;198;78m▀[38;2;181;180;62;48;2;117;180;94m▀[38;2;226;153;61;48;2;204;149;77m▀[38;2;246;122;52;48;2;239;121;71m▀[38;2;248;106;53;48;2;225;102;82m▀[38;2;239;84;66;48;2;225;79;89m▀[m
[4G[38;2;124;194;81;48;2;128;198;84m▀[38;2;113;194;92;48;2;84;184;129m▀[38;2;92;169;143;48;2;64;151;222m▀[38;2;92;145;179;49m▀[38;2;131;115;176m▀[38;2;116;111;195;48;2;74;126;228m▀[38;2;153;93;168;48;2;112;110;206m▀[38;2;156;91;151;48;2;143;100;180m▀[m
  [38;2;109;198;148m▄[38;2;97;195;125;48;2;98;186;213m▀[38;2;67;174;171;48;2;71;168;220m▀[m    [38;2;74;128;234;48;2;61;137;251m▀[38;2;108;115;216;48;2;74;129;240m▀[38;2;101;121;225;49m▄[m
 [38;2;103;185;244m▄[38;2;107;199;163;48;2;100;182;246m▀[38;2;100;182;246;49m▀[m      [38;2;56;134;251m▀[38;2;72;129;244;48;2;56;131;249m▀[38;2;61;133;252;49m▄[m

 Welcome back! You are currently not signed in.

 ⣾  Signing in... ⣷  ⣯  ⣟  ⡿  ⢿  ⣻  ⣽  ⣾  ⣷ [>4m[<1u[?1049l[>4;2m[>1u[?u[0 q[J
[6C[38;2;219;177;49m▄[38;2;242;146;46;48;2;246;145;46m▀[38;2;240;114;54;48;2;243;115;55m▀[38;2;240;88;59;49m▄[m        [94;1mAntigravity CLI 1.2.14[m
[35D[38;2;158;195;69;48;2;134;198;78m▀[38;2;181;180;62;48;2;117;180;94m▀[38;2;226;153;61;48;2;204;149;77m▀[38;2;246;122;52;48;2;239;121;71m▀[38;2;248;106;53;48;2;225;102;82m▀[38;2;239;84;66;48;2;225;79;89m▀[m       [90mGemini 3.8 Flash (High)[m
[37D[38;2;124;194;81;48;2;128;198;84m▀[38;2;113;194;92;48;2;84;184;129m▀[38;2;92;169;143;48;2;64;151;222m▀[38;2;92;145;179;49m▀[38;2;131;115;176m▀[38;2;116;111;195;48;2;74;126;228m▀[38;2;153;93;168;48;2;112;110;206m▀[38;2;156;91;151;48;2;143;100;180m▀[m      [90m~/orca/workspaces/orca/fix-wait-detector-scrollback[m
   [38;2;109;198;148m▄[38;2;97;195;125;48;2;98;186;213m▀[38;2;67;174;171;48;2;71;168;220m▀[m    [38;2;74;128;234;48;2;61;137;251m▀[38;2;108;115;216;48;2;74;129;240m▀[38;2;101;121;225;49m▄[m
  [38;2;103;185;244m▄[38;2;107;199;163;48;2;100;182;246m▀[38;2;100;182;246;49m▀[m      [38;2;56;134;251m▀[38;2;72;129;244;48;2;56;131;249m▀[38;2;61;133;252;49m▄[m

[90m────────────────────────────────────────────────────────────────────────────────────────────────────────────────────────[m
[94m>[m
[90m────────────────────────────────────────────────────────────────────────────────────────────────────────────────────────[m
[90m? for shortcuts[m[82X[82C[2mGemini 3.8 Flash · high[m[2A[2C[?25h